10001, 20-05-2024,1002, 10625
10002, 02-05-2024,1006, 18871
10003, 09-05-2024,1002, 11085
10004, 29-05-2024,1006, 12496
10005, 07-05-2024,1003, 4376
10006, 15-05-2024,1007, 16731
10007, 01-05-2024,1005, 8110
10008, 20-05-2024,1005, 17859
10009, 18-05-2024,1009, 7314
10010, 22-05-2024,1005, 4316
10011, 08-05-2024,1002, 16667
10012, 08-05-2024,1008, 13024
10013, 01-05-2024,1006, 17948
10014, 08-05-2024,1002, 5969
10015, 12-05-2024,1009, 10671
10016, 07-05-2024,1007, 5255
10017, 14-05-2024,1004, 6182
10018, 27-05-2024,1007, 5293
10019, 12-05-2024,1009, 17233
10020, 27-05-2024,1007, 17382
